This folder: /home/daniella/Desktop/Base64Witchcraft/encoder-decoder_script/AIBrainstorming

folderstamp version: r5
Method: Non-recursive

  File: ./Gemini (26_05_2024 01_17_58).zip.html
  Size: 1255483   	Blocks: 2456       IO Block: 4096   regular file
Device: 8,70	Inode: 9244262     Links: 1
Access: (0664/-rw-rw-r--)  Uid: ( 1000/daniella)   Gid: ( 1000/daniella)
Access: 2024-05-26 01:18:00.059888578 -0300
Modify: 2024-05-26 01:18:00.063888399 -0300
Change: 2024-05-26 01:21:18.773609775 -0300
 Birth: 2024-05-26 01:18:00.059888578 -0300
IPFS hash: Qme8DUp1QypciaWttTBAvWSNL1vpFPvT5rLEsFAWGvqnvy
------------------------------
  File: ./Generate Linux File from Base64 (26_05_2024 01_20_12).zip.html
  Size: 96719     	Blocks: 192        IO Block: 4096   regular file
Device: 8,70	Inode: 9237586     Links: 1
Access: (0664/-rw-rw-r--)  Uid: ( 1000/daniella)   Gid: ( 1000/daniella)
Access: 2024-05-26 01:20:16.686071555 -0300
Modify: 2024-05-26 01:20:13.522199782 -0300
Change: 2024-05-26 01:21:18.772609814 -0300
 Birth: 2024-05-26 01:20:13.521199823 -0300
IPFS hash: QmdpfQurfnRPoGHFsrjR2c958yt2HVQjUTFZM75WE8rqSu
------------------------------