This folder: /media/daniella/B/git/Floflis/Floflis/Utilities/eth-post-suite/files/file-list-serializer

  File: ./file-list-serializer.sh
  Size: 1117      	Blocks: 8          IO Block: 4096   regular file
Device: 8,52	Inode: 2024882     Links: 1
Access: (0664/-rw-rw-r--)  Uid: ( 1000/daniella)   Gid: ( 1000/daniella)
Access: 2024-03-13 01:19:51.048362300 -0300
Modify: 2024-03-13 01:19:48.132383400 -0300
Change: 2024-03-13 01:19:48.452381100 -0300
 Birth: 2024-03-13 01:19:48.128383500 -0300
IPFS hash: QmYHbEgYhrzTEZxkrsWG9L6DL7CVMfsJhd9V2h72BF57Q8
------------------------------
  File: ./filelist.txt
  Size: 0         	Blocks: 0          IO Block: 4096   regular empty file
Device: 8,52	Inode: 2024883     Links: 1
Access: (0664/-rw-rw-r--)  Uid: ( 1000/daniella)   Gid: ( 1000/daniella)
Access: 2024-03-13 01:20:51.951911700 -0300
Modify: 2024-03-13 01:20:29.272081500 -0300
Change: 2024-03-13 01:20:33.020053600 -0300
 Birth: 2024-03-13 01:20:29.272081500 -0300
IPFS hash: QmbFMke1KXqnYyBBWxB74N4c5SBnJMVAiMNRcGu6x1AwQH
------------------------------