This folder: /media/daniella/B/git/Floflis/Floflis/Utilities/eth-post-suite

  File: ./eth-post-calc
  Size: 4096      	Blocks: 8          IO Block: 4096   directory
Device: 8,52	Inode: 977021      Links: 1
Access: (0755/drwxr-xr-x)  Uid: ( 1000/daniella)   Gid: ( 1000/daniella)
Access: 2023-04-19 21:19:44.890987800 -0300
Modify: 2024-03-10 04:58:55.847965400 -0300
Change: 2024-03-10 04:58:55.847965400 -0300
 Birth: 2023-04-19 20:07:13.283351300 -0300
IPFS hash: 
------------------------------
  File: ./Tasks.txt
  Size: 0         	Blocks: 0          IO Block: 4096   regular empty file
Device: 8,52	Inode: 2023979     Links: 1
Access: (0664/-rw-rw-r--)  Uid: ( 1000/daniella)   Gid: ( 1000/daniella)
Access: 2024-03-11 23:36:55.968068500 -0300
Modify: 2024-03-11 23:36:55.968068500 -0300
Change: 2024-03-11 23:36:59.827973900 -0300
 Birth: 2024-03-11 23:36:55.968068500 -0300
IPFS hash: QmbFMke1KXqnYyBBWxB74N4c5SBnJMVAiMNRcGu6x1AwQH
------------------------------