This folder: /home/daniella/Desktop/Base64Witchcraft/encoder-decoder_script/2

folderstamp version: r5
Method: Non-recursive

  File: ./cli.log.html5.txt
  Size: 0         	Blocks: 0          IO Block: 4096   regular empty file
Device: 8,70	Inode: 9323456     Links: 1
Access: (0664/-rw-rw-r--)  Uid: ( 1000/daniella)   Gid: ( 1000/daniella)
Access: 2024-05-26 01:26:07.340260886 -0300
Modify: 2024-05-26 01:26:00.274497149 -0300
Change: 2024-05-26 01:26:04.395359271 -0300
 Birth: 2024-05-26 01:26:00.274497149 -0300
IPFS hash: QmbFMke1KXqnYyBBWxB74N4c5SBnJMVAiMNRcGu6x1AwQH
------------------------------
  File: ./FB_IMG_1705896928413.jpg
  Size: 84077     	Blocks: 168        IO Block: 4096   regular file
Device: 8,70	Inode: 9323410     Links: 1
Access: (0755/-rwxr-xr-x)  Uid: ( 1000/daniella)   Gid: ( 1000/daniella)
Access: 2024-05-26 01:27:04.629370411 -0300
Modify: 2024-01-22 01:15:28.000000000 -0300
Change: 2024-05-26 01:27:04.399377914 -0300
 Birth: 2024-05-26 01:27:04.394378078 -0300
IPFS hash: QmP1QqAbBL2e9MXGBLDKWbxu7vf7Fuz8CHgXLNAASebHr6
------------------------------
  File: ./script.sh
  Size: 973       	Blocks: 8          IO Block: 4096   regular file
Device: 8,70	Inode: 9323448     Links: 1
Access: (0664/-rw-rw-r--)  Uid: ( 1000/daniella)   Gid: ( 1000/daniella)
Access: 2024-05-26 01:24:33.084474475 -0300
Modify: 2024-05-26 01:23:07.509522022 -0300
Change: 2024-05-26 01:24:05.069457448 -0300
 Birth: 2024-05-26 01:23:07.505522168 -0300
IPFS hash: QmYmHS5tDgQStaHPNX5Fg2efSB2mQaeHz5o8BCKz9YCxji
------------------------------