This folder: /home/daniella/Desktop/Base64Witchcraft/encoder-decoder_script

folderstamp version: r5
Method: Non-recursive

  File: ./AIBrainstorming
  Size: 4096      	Blocks: 8          IO Block: 4096   directory
Device: 8,70	Inode: 9389128     Links: 2
Access: (0775/drwxrwxr-x)  Uid: ( 1000/daniella)   Gid: ( 1000/daniella)
Access: 2024-05-26 01:20:54.642554575 -0300
Modify: 2024-05-26 01:20:54.625555246 -0300
Change: 2024-05-26 01:20:59.451365113 -0300
 Birth: 2024-05-26 01:20:54.625555246 -0300
IPFS hash: 
------------------------------
  File: ./originalfile.txt
  Size: 29        	Blocks: 8          IO Block: 4096   regular file
Device: 8,70	Inode: 9322795     Links: 1
Access: (0664/-rw-rw-r--)  Uid: ( 1000/daniella)   Gid: ( 1000/daniella)
Access: 2024-05-26 00:41:51.338585676 -0300
Modify: 2024-05-26 00:41:43.152680806 -0300
Change: 2024-05-26 01:11:41.412279854 -0300
 Birth: 2024-05-26 01:11:41.393281095 -0300
IPFS hash: QmRiLUoefi5qQQhrr588M8pimFjSSGg8zA7PKxaCTJKCiS
------------------------------