This folder: /home/daniella/cursor-ai-project

  File: ./blockchain-poster.sh
  Size: 0         	Blocks: 0          IO Block: 4096   regular empty file
Device: 8,38	Inode: 9220122     Links: 1
Access: (0664/-rw-rw-r--)  Uid: ( 1000/daniella)   Gid: ( 1000/daniella)
Access: 2024-03-12 20:36:41.726046110 -0300
Modify: 2024-03-12 20:36:40.662074197 -0300
Change: 2024-03-12 20:36:40.662074197 -0300
 Birth: 2024-03-12 20:36:40.662074197 -0300
IPFS hash: QmbFMke1KXqnYyBBWxB74N4c5SBnJMVAiMNRcGu6x1AwQH
------------------------------
  File: ./README.md
  Size: 0         	Blocks: 0          IO Block: 4096   regular empty file
Device: 8,38	Inode: 9220130     Links: 1
Access: (0664/-rw-rw-r--)  Uid: ( 1000/daniella)   Gid: ( 1000/daniella)
Access: 2024-03-12 20:36:43.981986671 -0300
Modify: 2024-03-12 20:36:42.814017425 -0300
Change: 2024-03-12 20:36:42.814017425 -0300
 Birth: 2024-03-12 20:36:42.814017425 -0300
IPFS hash: QmbFMke1KXqnYyBBWxB74N4c5SBnJMVAiMNRcGu6x1AwQH
------------------------------