This folder: /home/daniella/cursor-ai-project

  File: ./blockchain-poster.sh
  Size: 493       	Blocks: 8          IO Block: 4096   regular file
Device: 8,38	Inode: 9220122     Links: 1
Access: (0664/-rw-rw-r--)  Uid: ( 1000/daniella)   Gid: ( 1000/daniella)
Access: 2024-03-12 20:38:09.819836944 -0300
Modify: 2024-03-12 20:38:09.807837230 -0300
Change: 2024-03-12 20:38:09.807837230 -0300
 Birth: 2024-03-12 20:36:40.662074197 -0300
IPFS hash: Qmbfpu8XaBekr5nbj45mWkwkoX8oYgk9SGVh2m6NbqdAD5
------------------------------
  File: ./README.md
  Size: 830       	Blocks: 8          IO Block: 4096   regular file
Device: 8,38	Inode: 9220130     Links: 1
Access: (0664/-rw-rw-r--)  Uid: ( 1000/daniella)   Gid: ( 1000/daniella)
Access: 2024-03-12 20:38:07.851883923 -0300
Modify: 2024-03-12 20:38:07.839884210 -0300
Change: 2024-03-12 20:38:07.839884210 -0300
 Birth: 2024-03-12 20:36:42.814017425 -0300
IPFS hash: QmeyTYsWXBEX57qEieSPQMcrH2sSy92rh32MuxqSQX3zjW
------------------------------