This folder: /media/daniella/B/git/Floflis/Floflis/Utilities/blockchain-writer-suite/files/bin-base64/Legacy/AIBrainstorming/2

folderstamp version: r5
Method: Non-recursive

  File: ./ChatGPT (26_05_2024 03_01_29)
  Size: 4096      	Blocks: 8          IO Block: 4096   directory
Device: 8,36	Inode: 3593335     Links: 1
Access: (0755/drwxr-xr-x)  Uid: ( 1000/daniella)   Gid: ( 1000/daniella)
Access: 2024-05-26 03:03:45.874651000 -0300
Modify: 2024-05-26 03:03:45.954650600 -0300
Change: 2024-05-26 03:03:45.954650600 -0300
 Birth: 2024-05-26 03:03:45.874651000 -0300
IPFS hash: 
------------------------------
  File: ./ChatGPT (26_05_2024 03_01_29).zip
  Size: 87818     	Blocks: 176        IO Block: 4096   regular file
Device: 8,36	Inode: 1139303     Links: 1
Access: (0664/-rw-rw-r--)  Uid: ( 1000/daniella)   Gid: ( 1000/daniella)
Access: 2024-05-26 03:03:37.265694700 -0300
Modify: 2024-05-26 03:01:30.961429400 -0300
Change: 2024-05-26 03:03:29.849733000 -0300
 Birth: 2024-05-26 03:02:18.947128500 -0300
IPFS hash: QmVMcMoVa16RJbRVo1sG5kSpd5UCCsLpTwkxA7WPjUUo6B
------------------------------