This folder: /home/daniella/Desktop/Base64Witchcraft/encoder-decoder_script/1

folderstamp version: r5
Method: Non-recursive

  File: ./originalfile.txt
  Size: 29        	Blocks: 8          IO Block: 4096   regular file
Device: 8,70	Inode: 9322795     Links: 1
Access: (0664/-rw-rw-r--)  Uid: ( 1000/daniella)   Gid: ( 1000/daniella)
Access: 2024-05-26 01:21:05.025146253 -0300
Modify: 2024-05-26 00:41:43.152680806 -0300
Change: 2024-05-26 01:23:56.749752035 -0300
 Birth: 2024-05-26 01:11:41.393281095 -0300
IPFS hash: QmRiLUoefi5qQQhrr588M8pimFjSSGg8zA7PKxaCTJKCiS
------------------------------
  File: ./script.sh
  Size: 614       	Blocks: 8          IO Block: 4096   regular file
Device: 8,70	Inode: 9323454     Links: 1
Access: (0664/-rw-rw-r--)  Uid: ( 1000/daniella)   Gid: ( 1000/daniella)
Access: 2024-05-26 01:23:30.727681653 -0300
Modify: 2024-05-26 01:22:41.909461135 -0300
Change: 2024-05-26 01:23:49.658004135 -0300
 Birth: 2024-05-26 01:22:41.907461208 -0300
IPFS hash: QmX5ASw2HKivBBRtLrYxGXZfk73H11LvUVp3TCK1e1oUSC
------------------------------